#   B/C  AMS02(2011/05-2016/05)
#   <E>  Elo  Eup   y   ystat_lo  ystat_up  ysyst_lo  ysyst_up  yerrtot_lo  yerrtot_up
4.464818e-01 4.060000e-01 4.910000e-01 3.210000e-01 1.800000e-03 1.800000e-03 1.540000e-02 1.540000e-02 1.550484e-02 1.550484e-02
5.373155e-01 4.910000e-01 5.880000e-01 3.251000e-01 1.700000e-03 1.700000e-03 1.470000e-02 1.470000e-02 1.479797e-02 1.479797e-02
6.397249e-01 5.880000e-01 6.960000e-01 3.214000e-01 1.500000e-03 1.500000e-03 1.400000e-02 1.400000e-02 1.408013e-02 1.408013e-02
7.559206e-01 6.960000e-01 8.210000e-01 3.213000e-01 1.400000e-03 1.400000e-03 1.340000e-02 1.340000e-02 1.347294e-02 1.347294e-02
8.873212e-01 8.210000e-01 9.590000e-01 3.188000e-01 1.300000e-03 1.300000e-03 1.280000e-02 1.280000e-02 1.286585e-02 1.286585e-02
1.031741e+00 9.590000e-01 1.110000e+00 3.174000e-01 1.200000e-03 1.200000e-03 1.230000e-02 1.230000e-02 1.235840e-02 1.235840e-02
1.191973e+00 1.110000e+00 1.280000e+00 3.142000e-01 1.200000e-03 1.200000e-03 1.170000e-02 1.170000e-02 1.176138e-02 1.176138e-02
1.371714e+00 1.280000e+00 1.470000e+00 3.082000e-01 1.100000e-03 1.100000e-03 1.100000e-02 1.100000e-02 1.105486e-02 1.105486e-02
1.571496e+00 1.470000e+00 1.680000e+00 3.060000e-01 1.000000e-03 1.000000e-03 1.050000e-02 1.050000e-02 1.054751e-02 1.054751e-02
1.791312e+00 1.680000e+00 1.910000e+00 3.008000e-01 1.000000e-03 1.000000e-03 9.900000e-03 9.900000e-03 9.950377e-03 9.950377e-03
2.031157e+00 1.910000e+00 2.160000e+00 2.941000e-01 1.000000e-03 1.000000e-03 9.300000e-03 9.300000e-03 9.353609e-03 9.353609e-03
2.291026e+00 2.160000e+00 2.430000e+00 2.872000e-01 1.000000e-03 1.000000e-03 8.700000e-03 8.700000e-03 8.757283e-03 8.757283e-03
2.575636e+00 2.430000e+00 2.730000e+00 2.794000e-01 1.000000e-03 1.000000e-03 8.100000e-03 8.100000e-03 8.161495e-03 8.161495e-03
2.890294e+00 2.730000e+00 3.060000e+00 2.745000e-01 9.000000e-04 9.000000e-04 7.600000e-03 7.600000e-03 7.653104e-03 7.653104e-03
3.230263e+00 3.060000e+00 3.410000e+00 2.691000e-01 1.000000e-03 1.000000e-03 7.200000e-03 7.200000e-03 7.269113e-03 7.269113e-03
3.594983e+00 3.410000e+00 3.790000e+00 2.645000e-01 1.000000e-03 1.000000e-03 6.800000e-03 6.800000e-03 6.873136e-03 6.873136e-03
3.989737e+00 3.790000e+00 4.200000e+00 2.609000e-01 1.000000e-03 1.000000e-03 6.500000e-03 6.500000e-03 6.576473e-03 6.576473e-03
4.419276e+00 4.200000e+00 4.650000e+00 2.539000e-01 1.000000e-03 1.000000e-03 6.200000e-03 6.200000e-03 6.280127e-03 6.280127e-03
4.888865e+00 4.650000e+00 5.140000e+00 2.496000e-01 1.100000e-03 1.100000e-03 6.000000e-03 6.000000e-03 6.100000e-03 6.100000e-03
5.379424e+00 5.140000e+00 5.630000e+00 2.433000e-01 1.100000e-03 1.100000e-03 5.700000e-03 5.700000e-03 5.805170e-03 5.805170e-03
5.898593e+00 5.630000e+00 6.180000e+00 2.378000e-01 1.100000e-03 1.100000e-03 5.500000e-03 5.500000e-03 5.608921e-03 5.608921e-03
6.473052e+00 6.180000e+00 6.780000e+00 2.327000e-01 1.200000e-03 1.200000e-03 5.400000e-03 5.400000e-03 5.531727e-03 5.531727e-03
7.092785e+00 6.780000e+00 7.420000e+00 2.281000e-01 1.200000e-03 1.200000e-03 5.300000e-03 5.300000e-03 5.434151e-03 5.434151e-03
7.762113e+00 7.420000e+00 8.120000e+00 2.236000e-01 1.200000e-03 1.200000e-03 5.200000e-03 5.200000e-03 5.336666e-03 5.336666e-03
8.481934e+00 8.120000e+00 8.860000e+00 2.157000e-01 1.200000e-03 1.200000e-03 5.000000e-03 5.000000e-03 5.141984e-03 5.141984e-03
9.251357e+00 8.860000e+00 9.660000e+00 2.122000e-01 1.200000e-03 1.200000e-03 4.900000e-03 4.900000e-03 5.044799e-03 5.044799e-03
1.007125e+01 9.660000e+00 1.050000e+01 2.055000e-01 1.200000e-03 1.200000e-03 4.800000e-03 4.800000e-03 4.947727e-03 4.947727e-03
1.098863e+01 1.050000e+01 1.150000e+01 2.040000e-01 1.200000e-03 1.200000e-03 4.800000e-03 4.800000e-03 4.947727e-03 4.947727e-03
1.198958e+01 1.150000e+01 1.250000e+01 1.970000e-01 1.300000e-03 1.300000e-03 4.700000e-03 4.700000e-03 4.876474e-03 4.876474e-03
1.299038e+01 1.250000e+01 1.350000e+01 1.895000e-01 1.300000e-03 1.300000e-03 4.500000e-03 4.500000e-03 4.684015e-03 4.684015e-03
1.403923e+01 1.350000e+01 1.460000e+01 1.854000e-01 1.400000e-03 1.400000e-03 4.500000e-03 4.500000e-03 4.712749e-03 4.712749e-03
1.518815e+01 1.460000e+01 1.580000e+01 1.818000e-01 1.500000e-03 1.500000e-03 4.400000e-03 4.400000e-03 4.648656e-03 4.648656e-03
1.643715e+01 1.580000e+01 1.710000e+01 1.725000e-01 1.500000e-03 1.500000e-03 4.200000e-03 4.200000e-03 4.459821e-03 4.459821e-03
1.778623e+01 1.710000e+01 1.850000e+01 1.706000e-01 1.600000e-03 1.600000e-03 4.200000e-03 4.200000e-03 4.494441e-03 4.494441e-03
1.923538e+01 1.850000e+01 2.000000e+01 1.682000e-01 1.700000e-03 1.700000e-03 4.200000e-03 4.200000e-03 4.531004e-03 4.531004e-03
2.078461e+01 2.000000e+01 2.160000e+01 1.652000e-01 1.800000e-03 1.800000e-03 4.200000e-03 4.200000e-03 4.569464e-03 4.569464e-03
2.243390e+01 2.160000e+01 2.330000e+01 1.557000e-01 1.800000e-03 1.800000e-03 4.000000e-03 4.000000e-03 4.386342e-03 4.386342e-03
2.423138e+01 2.330000e+01 2.520000e+01 1.531000e-01 1.900000e-03 1.900000e-03 3.900000e-03 3.900000e-03 4.338202e-03 4.338202e-03
2.613274e+01 2.520000e+01 2.710000e+01 1.465000e-01 2.000000e-03 2.000000e-03 3.800000e-03 3.800000e-03 4.294182e-03 4.294182e-03
2.813041e+01 2.710000e+01 2.920000e+01 1.426000e-01 2.100000e-03 2.100000e-03 3.800000e-03 3.800000e-03 4.341659e-03 4.341659e-03
3.032820e+01 2.920000e+01 3.150000e+01 1.397000e-01 2.200000e-03 2.200000e-03 3.700000e-03 3.700000e-03 4.304649e-03 4.304649e-03
3.267797e+01 3.150000e+01 3.390000e+01 1.347000e-01 2.300000e-03 2.300000e-03 3.700000e-03 3.700000e-03 4.356604e-03 4.356604e-03
3.517599e+01 3.390000e+01 3.650000e+01 1.351000e-01 2.500000e-03 2.500000e-03 3.800000e-03 3.800000e-03 4.548626e-03 4.548626e-03
3.787413e+01 3.650000e+01 3.930000e+01 1.284000e-01 2.500000e-03 2.500000e-03 3.700000e-03 3.700000e-03 4.465423e-03 4.465423e-03
4.077242e+01 3.930000e+01 4.230000e+01 1.258000e-01 2.700000e-03 2.700000e-03 3.700000e-03 3.700000e-03 4.580393e-03 4.580393e-03
4.391902e+01 4.230000e+01 4.560000e+01 1.188000e-01 2.700000e-03 2.700000e-03 3.500000e-03 3.500000e-03 4.420407e-03 4.420407e-03
4.731765e+01 4.560000e+01 4.910000e+01 1.173000e-01 2.800000e-03 2.800000e-03 3.500000e-03 3.500000e-03 4.482187e-03 4.482187e-03
5.106085e+01 4.910000e+01 5.310000e+01 1.158000e-01 2.900000e-03 2.900000e-03 3.600000e-03 3.600000e-03 4.622770e-03 4.622770e-03
5.506369e+01 5.310000e+01 5.710000e+01 1.104000e-01 3.200000e-03 3.200000e-03 3.400000e-03 3.400000e-03 4.669047e-03 4.669047e-03
5.930734e+01 5.710000e+01 6.160000e+01 1.054000e-01 3.200000e-03 3.200000e-03 3.300000e-03 3.300000e-03 4.596738e-03 4.596738e-03
6.405123e+01 6.160000e+01 6.660000e+01 1.101000e-01 3.400000e-03 3.400000e-03 3.600000e-03 3.600000e-03 4.951767e-03 4.951767e-03
6.953531e+01 6.660000e+01 7.260000e+01 1.049000e-01 3.400000e-03 3.400000e-03 3.500000e-03 3.500000e-03 4.879549e-03 4.879549e-03
7.578034e+01 7.260000e+01 7.910000e+01 1.031000e-01 3.600000e-03 3.600000e-03 3.500000e-03 3.500000e-03 5.020956e-03 5.020956e-03
8.276509e+01 7.910000e+01 8.660000e+01 9.660000e-02 3.700000e-03 3.700000e-03 3.400000e-03 3.400000e-03 5.024938e-03 5.024938e-03
9.075054e+01 8.660000e+01 9.510000e+01 1.008000e-01 3.900000e-03 3.900000e-03 3.700000e-03 3.700000e-03 5.375872e-03 5.375872e-03
9.973695e+01 9.510000e+01 1.046000e+02 9.780000e-02 4.200000e-03 4.200000e-03 3.700000e-03 3.700000e-03 5.597321e-03 5.597321e-03
1.099625e+02 1.046000e+02 1.156000e+02 8.830000e-02 4.200000e-03 4.200000e-03 3.500000e-03 3.500000e-03 5.467175e-03 5.467175e-03
1.219269e+02 1.156000e+02 1.286000e+02 8.340000e-02 4.300000e-03 4.300000e-03 3.400000e-03 3.400000e-03 5.481788e-03 5.481788e-03
1.363655e+02 1.286000e+02 1.446000e+02 8.230000e-02 4.400000e-03 4.400000e-03 3.500000e-03 3.500000e-03 5.622277e-03 5.622277e-03
1.540417e+02 1.446000e+02 1.641000e+02 8.380000e-02 4.800000e-03 4.800000e-03 3.700000e-03 3.700000e-03 6.060528e-03 6.060528e-03
1.759240e+02 1.641000e+02 1.886000e+02 8.140000e-02 5.000000e-03 5.000000e-03 3.800000e-03 3.800000e-03 6.280127e-03 6.280127e-03
2.035106e+02 1.886000e+02 2.196000e+02 8.090000e-02 5.400000e-03 5.400000e-03 4.000000e-03 4.000000e-03 6.720119e-03 6.720119e-03
2.396818e+02 2.196000e+02 2.616000e+02 7.850000e-02 5.800000e-03 5.800000e-03 4.100000e-03 4.100000e-03 7.102816e-03 7.102816e-03
2.934153e+02 2.616000e+02 3.291000e+02 7.080000e-02 5.500000e-03 5.500000e-03 3.900000e-03 3.900000e-03 6.742403e-03 6.742403e-03
3.801418e+02 3.291000e+02 4.391000e+02 5.710000e-02 5.300000e-03 5.300000e-03 3.500000e-03 3.500000e-03 6.351378e-03 6.351378e-03
5.338725e+02 4.391000e+02 6.491000e+02 4.690000e-02 1.200000e-02 1.200000e-02 3.000000e-03 3.000000e-03 1.236932e-02 1.236932e-02
9.182842e+02 6.491000e+02 1.299100e+03 4.750000e-02 1.420000e-02 1.420000e-02 3.600000e-03 3.600000e-03 1.464923e-02 1.464923e-02
